DG=[2,5,12,14,15,18,20,22,24,31];