dg=[   0	0.01
        0	0.025
        0	0.125
        0	0.03
        0	0.03
        0	0.03
        0	0.085
        0	0.085
        0	0.01
        0	0.085];
