Cdg = [0.102,0.095,0.085,0.21,0.178,0.156,0.074,0.136,0.098,0.1];